0, 0.594828 0.594828 0.293103 0.439655 0.146552 0.387931 0.301724 0.301724 0.310345 1. 0.577586 0.241379 0.37931 0.112069 0.077586 0.301724 0. 0.37069 0.086207 0.077586 0.094828 0.206897 0.068966 0.215517;
1, 0.594828 0.267241 1. 0.293103 0. 0.517241 0.646552 0.336207 0.310345 0.241379 0.172414 0.137931 0.12069 0.112069 0.741379 0.103448 0.103448 0.112069 0.517241 0.508621 0.37931 0.206897 0.068966 0.215517;
2, 0.594828 0.267241 1. 0.293103 0. 0.508621 0.5 0.5 0.724138 0.241379 0.172414 0.275862 0.293103 0.318966 0.353448 0.396552 0.543103 0.543103 0.543103 0.508621 0.37931 0.206897 0.068966 0.215517;
3, 0.594828 0.267241 1. 0.293103 0. 0.508621 0.706897 0.706897 0.706897 0.689655 0.172414 0.387931 0.387931 0.267241 0.25 0.241379 0.232759 0.224138 0.206897 0.206897 0.198276 0.198276 0.068966 0.215517;
4, 0.594828 0.267241 1. 0.439655 0.517241 0.5 0.517241 0.560345 0.224138 0.155172 0.508621 0.344828 0.086207 0.077586 0.405172 0.413793 0.431034 0.448276 0.37931 0.482759 0.508621 0.543103 0.603448 0.215517;
5, 0.594828 0.267241 1. 0.905172 0.844828 0.827586 0.663793 0.655172 0.637931 0.637931 0.62931 0.62069 0.62069 0.62069 0.62069 0.62931 0.655172 0.706897 0.37931 0.482759 0.508621 0.543103 0.603448 0.215517;
6, 0.594828 0.267241 1. 0.267241 0.456897 0.422414 0.241379 0.655172 0.637931 0.637931 0.62931 0.62069 0.62069 0.62069 0.62069 0.62931 0.655172 0.706897 0.37931 0.482759 0.508621 0.543103 0.603448 0.215517;
7, 0.594828 0.267241 1. 0.577586 0.732759 0.318966 0.327586 0.293103 0.258621 0.448276 0.465517 0.448276 0.327586 0.318966 0.422414 0.862069 0.655172 0.568965 0.189655 0.017241 0.913793 0.422414 0.603448 0.215517;
8, 0.594828 0.267241 1. 0.577586 0.732759 0.318966 0.327586 0.293103 0.258621 0.448276 0.465517 0.448276 0.327586 0.318966 0.422414 0.862069 0.655172 0.568965 0.189655 0.017241 0.913793 0.284483 0.706897 0.862069;
9, 0.594828 0.077586 0.232759 0.301724 0.344828 0.12069 0.181034 0.224138 0.146552 0.094828 0.612069 0.612069 0.327586 0.318966 0.422414 0.862069 0.655172 0.568965 0.189655 0.017241 0.913793 0.284483 0.706897 0.862069;
10, 0.594828 0.077586 0.387931 0.448276 0.482759 0.137931 0.551724 0.560345 0.137931 0.767241 0.267241 0.612069 0.327586 0.318966 0.422414 0.862069 0.655172 0.568965 0.189655 0.017241 0.913793 0.284483 0.706897 0.862069;
11, 0.594828 0.077586 0.612069 0.689655 0.482759 0.137931 0.741379 0.560345 0.137931 0.767241 0.267241 0.612069 0.655172 0.646552 0.646552 0.646552 0.655172 0.568965 0.189655 0.017241 0.913793 0.284483 0.706897 0.862069;
12, 0.905172 0.810345 0.758621 0.724138 0.715517 0.706897 0.698276 0.258621 0.75 0.810345 0.810345 0.793103 0.775862 0.344828 0.12069 0.077586 0.068966 0.051724 0.051724 0.051724 0.060345 0.284483 0.706897 0.862069;
13, 0.905172 0.810345 0.758621 0.724138 0.715517 0.706897 0.698276 0.258621 0.75 0.810345 0.810345 0.793103 0.198276 0.181034 0.189655 0.198276 0.198276 0.051724 0.051724 0.051724 0.060345 0.284483 0.706897 0.862069;
14, 0.905172 0.37931 0.396552 0.439655 0.482759 0.534483 0.448276 0.189655 0.181034 0.181034 0.25 0.793103 0.689655 0.62069 0.5 0.198276 0.724138 0.62931 0.431034 0.301724 0.318966 0.336207 0.818965 0.862069;
15, 0.905172 0.37931 0.396552 0.439655 0.594828 0.12931 0.543103 0.060345 0.62069 0.655172 0.068966 0.232759 0.224138 0.62931 0.301724 0.551724 0.103448 0.758621 0.12069 0.413793 0.75 0.112069 0.818965 0.862069;
16, 0.931035 0.853448 0.844828 0.844828 0.836207 0.827586 0.37069 0.413793 0.448276 0.482759 0.508621 0.543103 0.568965 0.603448 0.637931 0.672414 0.103448 0.758621 0.12069 0.413793 0.75 0.112069 0.818965 0.862069;
17, 0.784314 1. 1. 0.921569 0.980392 0.215686 0. 0.413793 0.448276 0.828283 0.20202 0.043103 0.043103 0.034483 0.025862 0.025862 0.025862 0.155172 0.163793 0.181034 0.405172 0.456897 0.456897 0.;
18, 0.931035 0.422414 0.431034 0.431034 0.431034 0.431034 0.431034 0.422414 0.413793 0.413793 0.060345 0.672414 0.681035 0.706897 0.732759 0.75 0.758621 0.87931 0.87931 0.87931 0.87931 0.887931 0.456897 0.;
19, 0.931035 0.422414 0.431034 0.137931 0.637931 0.431034 0.62069 0.422414 0.413793 0.413793 0.163793 0.887931 0.655172 0.491379 0.474138 0.25 0.586207 0.284483 0.87931 0.672414 0.568965 0.275862 0.431034 0.;
20, 0.517241 0.603448 0.62931 0.12931 0.12931 0.12069 0.12069 0.112069 0.112069 0.12069 0.12069 0. 0.396552 0.163793 0.137931 0.112069 0.086207 0.077586 0.137931 0.094828 0.034483 0.008621 0.155172 0.;
21, 0.043103 0.034483 0.163793 0.112069 0.12931 0.181034 0.206897 0.258621 0.275862 0.215517 0.37069 0.465517 0.525862 0.646552 0.741379 0.810345 0.853448 0.172414 0.724138 0.862069 0.905172 0.612069 0.612069 0.;
22, 0.956897 0.965517 0.948276 0.577586 0.206897 0.267241 0.344828 0.37069 0.12931 0.12069 0.543103 0.12069 0.775862 0.491379 0.405172 0.137931 0.206897 0.405172 0.318966 0.258621 0.75 0.767241 0.612069 0.;
23, 0.956897 0.965517 0.948276 0.577586 0.206897 0.267241 0.344828 0.37069 0.12931 0.12069 0.543103 0.12069 0.775862 0.491379 0.405172 0.137931 0.206897 0.405172 0.318966 0.258621 0.75 0.215517 0.612069 0.;
24, 0.956897 0.965517 0.948276 0.577586 0.206897 0.267241 0.344828 0.37069 0.12931 0.12069 0.543103 0.12069 0.775862 0.491379 0.405172 0.137931 0.206897 0.405172 0.318966 0.258621 0.75 0.215517 0.034483 0.956897;
25, 0.956897 0.965517 0.948276 0.025862 0.025862 0.931035 0.034483 0.034483 0.12931 0.206897 0.301724 0.043103 0. 0.655172 0.103448 0.137931 0.206897 0.405172 0.318966 0.258621 0.75 0.215517 0.068966 0.956897;
26, 0.956897 0.965517 0.948276 0.025862 0.025862 0.491379 0.034483 0.034483 0.12931 0.206897 0.301724 0.043103 0. 0.655172 0.103448 0.137931 0.206897 0.405172 0.318966 0.258621 0.75 0.215517 0.068966 0.956897;
27, 0.956897 0.646552 0.784483 0.025862 0.025862 0.491379 0.034483 0.034483 0.12931 0.206897 0.301724 0.043103 0. 0.655172 0.103448 0.137931 0.206897 0.405172 0.318966 0.258621 0.75 0.215517 0.068966 0.956897;
28, 0.956897 0.646552 0.784483 0.025862 0.025862 0.577586 0.387931 0.146552 0.853448 0.206897 0.301724 0.043103 0. 0.655172 0.103448 0.137931 0.206897 0.405172 0.318966 0.258621 0.75 0.215517 0.068966 0.956897;
29, 0.956897 0.646552 0.784483 0.025862 0.025862 0.577586 0.387931 0.146552 0.853448 0.206897 0.301724 0.043103 0. 0.655172 0.103448 0.137931 0.206897 0.405172 0.318966 0.258621 0.224138 0.215517 0.068966 0.956897;
30, 0.956897 0.646552 0.784483 0.025862 0.025862 0.577586 0.387931 0.146552 0.853448 0.206897 0.301724 0.043103 0. 0.655172 0.103448 0.577586 0.206897 0.405172 0.318966 0.258621 0.224138 0.215517 0.068966 0.956897;
31, 0.956897 0.646552 0.784483 0.025862 0.025862 0.577586 0.387931 0.146552 0.853448 0.206897 0.301724 0.043103 0. 0.655172 0.103448 0.577586 0.206897 0.405172 0.318966 0.258621 0.689655 0.215517 0.068966 0.956897;
32, 0.5 0.189655 0.232759 0.232759 0.241379 0.189655 0.215517 0.146552 0.060345 0.448276 0.827586 0.12069 0.62931 0.594828 0.905172 0.482759 0.405172 0.87931 0.663793 0.862069 0.146552 0.862069 0.043103 0.862069;
33, 0.932522 0.85986 0.588235 0.588235 0.568627 0.54902 0.156863 0.117647 0.117647 0.098039 0.098039 0.088235 0.078431 0.078431 0.078431 0.078431 0.078431 0.078431 0.078431 0.098039 0.098039 0.098039 0.098039 0.098039;
